4294967294,0
4294967278,132
4294967278,131
4294967278,130
4294967278,129
4294967278,128
4294967278,127
4294967278,126
4294967278,125
4294967278,124
4294967278,123
4294967278,122
4294967278,121
4294967278,120
4294967278,119
4294967278,118
4294967278,117
4294967278,116
4294967278,115
4294967278,114
4294967278,113
4294967278,112
4294967278,111
4294967278,110
4294967278,109
4294967278,108
4294967278,107
4294967278,106
4294967278,105
4294967278,104
4294967278,103
4294967278,102
4294967278,101
4294967278,100
4294967278,99
4294967278,98
4294967278,97
4294967278,96
4294967278,95
4294967278,94
4294967278,93
4294967278,92
4294967278,91
4294967278,90
4294967278,89
4294967278,87
4294967278,86
4294967278,85
4294967278,84
4294967278,83
4294967278,82
4294967278,81
4294967278,80
4294967278,79
4294967278,78
4294967278,77
4294967278,76
4294967278,75
4294967278,74
4294967278,73
4294967278,72
4294967278,71
4294967278,70
4294967278,69
4294967278,68
4294967278,67
4294967278,66
4294967278,65
4294967278,64
4294967278,63
4294967278,62
4294967278,61
4294967278,60
4294967278,59
4294967279,75
4294967279,71
4294967279,61
4294967279,59
4294967279,56
4294967279,54
4294967279,50
4294967279,48
4294967279,44
4294967279,41
4294967279,34
4294967279,33
4294967279,32
4294967279,30
4294967279,26
4294967279,24
4294967279,21
4294967279,16
4294967279,15
4294967279,12
4294967279,9
4294967279,8
4294967279,7
4294967279,6
4294967279,5
4294967279,4
4294967294,7
4294967278,330
4294967278,235
4294967278,233
4294967278,231
4294967278,227
4243767289,0
4243767290,0
4294967278,390
151,4
151,3
151,2
151,1
150,4
150,3
150,2
150,1
149,4
149,3
149,2
149,1
148,4
148,3
148,2
148,1
147,4
147,3
147,2
147,1
146,4
146,3
146,2
146,1
145,4
145,3
145,2
145,1
144,4
144,3
144,2
144,1
143,4
143,3
143,2
143,1
142,4
142,3
142,2
142,1
141,4
141,3
141,2
141,1
140,4
140,3
140,2
140,1
4294967294,481
139,4
139,3
139,2
139,1
138,4
138,3
138,2
138,1
4294967278,389
137,4
137,3
137,2
137,1
136,4
136,3
136,2
136,1
135,4
135,3
135,2
135,1
134,4
134,3
134,2
134,1
133,4
133,3
133,2
133,1
4294967278,388
4294967279,454
132,4
132,3
132,2
132,1
4294967279,453
131,4
131,3
131,2
131,1
4294967279,452
130,4
130,3
130,2
130,1
129,4
129,3
129,2
129,1
4294967279,451
4294967279,450
4294967278,387
128,4
128,3
128,2
128,1
127,4
127,3
127,2
127,1
4294967279,449
4294967294,480
4294967278,386
126,4
126,3
126,2
126,1
125,4
125,3
125,2
125,1
124,4
124,3
124,2
124,1
123,4
123,3
123,2
123,1
122,4
122,3
122,2
122,1
121,4
121,3
121,2
121,1
4294967278,385
120,4
120,3
120,2
120,1
4294967278,384
119,4
119,3
119,2
119,1
118,4
118,3
118,2
118,1
117,4
117,3
117,2
117,1
116,4
116,3
116,2
116,1
115,4
115,3
115,2
115,1
114,4
114,3
114,2
114,1
4294967278,383
4294967294,479
113,4
113,3
113,2
113,1
112,4
112,3
112,2
112,1
111,4
111,3
111,2
111,1
4294967279,448
4294967278,382
110,4
110,3
110,2
110,1
4294967279,261
109,4
109,3
109,2
109,1
4294967279,447
108,4
108,3
108,2
108,1
4294967278,381
4294967279,446
4294967279,445
107,4
107,3
107,2
107,1
106,4
106,3
106,2
106,1
105,4
105,3
105,2
105,1
104,4
104,3
104,2
104,1
103,4
103,3
103,2
103,1
4294967279,444
4294967278,380
4294967278,379
4294967278,378
4294967279,443
102,4
102,3
102,2
102,1
4294967278,377
4294967279,442
4294967279,441
4294967278,376
4294967279,440
4294967278,375
4294967278,374
101,4
4294967279,439
101,3
101,2
101,1
4294967279,438
4294967294,478
100,4
100,3
100,2
100,1
99,4
99,3
99,2
99,1
98,4
98,3
98,2
98,1
97,4
97,3
97,2
97,1
96,4
96,3
96,2
96,1
95,4
95,3
95,2
95,1
4294967279,437
94,4
94,3
94,2
94,1
93,4
93,3
93,2
93,1
92,4
92,3
92,2
92,1
91,4
91,3
91,2
91,1
90,4
90,3
90,2
90,1
89,4
89,3
89,2
